[10.3632, 90.0, 60]
[10.3632, 90.0, 48]
[10.3632, 90.0, 36]
[10.3632, 90.0, 24]
[10.3632, 90.0, 12]
[10.3632, 90.0, 0]
[10.3632, 90.0, 12]
[10.3632, 90.0, 24]
[10.3632, 90.0, 36]
[10.3632, 90.0, 48]
[10.3632, 90.0, 60]
[10.3632, 90.0, 60]
[10.3632, 90.0, 48]
[10.3632, 90.0, 36]
[10.3632, 90.0, 24]
[10.3632, 90.0, 12]
[10.3632, 90.0, 0]
[10.3632, 90.0, 12]
[10.3632, 90.0, 24]
[10.3632, 90.0, 36]
[10.3632, 90.0, 48]
[10.3632, 90.0, 60]
[10.3632, 90.0, 60]
[10.3632, 90.0, 48]
[10.3632, 90.0, 36]
[10.3632, 90.0, 24]
[10.3632, 90.0, 12]
[10.3632, 90.0, 0]
[10.3632, 90.0, 12]
[10.3632, 90.0, 24]
[10.3632, 90.0, 36]
[10.3632, 90.0, 48]
[10.3632, 90.0, 60]
[13.82058791, 131.4236656, 0]
[12.02319135, 120.4655449, 0]
[10.98972029, 109.4400348, 0]
[10.5233276, 100.0079798, 0]
[10.38111393, 93.366460663, 0]
[10.3632, 90, 0]
[10.38111393, 86.63353934, 0]
[10.5233276, 79.9920202, 0]
[10.98972029, 70.55996517, 0]
[12.02319135, 59.53445508, 0]
[13.82058791, 48.57633437, 0]
