[6.7056, 90.0, 60]
[6.7056, 90.0, 48]
[6.7056, 90.0, 36]
[6.7056, 90.0, 24]
[6.7056, 90.0, 12]
[6.7056, 90.0, 0]
[6.7056, 90.0, 12]
[6.7056, 90.0, 24]
[6.7056, 90.0, 36]
[6.7056, 90.0, 48]
[6.7056, 90.0, 60]
[6.7056, 90.0, 60]
[6.7056, 90.0, 48]
[6.7056, 90.0, 36]
[6.7056, 90.0, 24]
[6.7056, 90.0, 12]
[6.7056, 90.0, 0]
[6.7056, 90.0, 12]
[6.7056, 90.0, 24]
[6.7056, 90.0, 36]
[6.7056, 90.0, 48]
[6.7056, 90.0, 60]
[6.7056, 90.0, 60]
[6.7056, 90.0, 48]
[6.7056, 90.0, 36]
[6.7056, 90.0, 24]
[6.7056, 90.0, 12]
[6.7056, 90.0, 0]
[6.7056, 90.0, 12]
[6.7056, 90.0, 24]
[6.7056, 90.0, 36]
[6.7056, 90.0, 48]
[8.9154, 131.22, 0]
[8.1788, 124.93, 0]
[7.62, 118.36, 0]
[7.0612, 108.26, 0]
[6.756400000000001, 97.03, 0]
[6.7056, 90, 0]
[6.7818, 98.597, 0]
[7.035800000000001, 107.62, 0]
[7.518400000000001, 116.89, 0]
[8.1788, 124.93, 0]
[9.0424, 132.13, 0]
