1683.197107
1693.695069
1717.307691
1673.439112
1688.362277
1744.914114
1658.463214
1675.283432
1729.700565
1680.836347
1672.485600
1711.953529
1746.140405
1693.481060
1653.317012
1653.259649
1741.764734
1653.790362
1668.773324
1728.213942
1698.222884
1729.423398
1729.443219
1672.461944
1737.310893
1672.709077
1690.266615
1712.848184
1704.405317
1660.449446
1672.980254
1692.161326
1744.100719
1666.129952
1688.194869
1686.082543
1722.066330
1661.880100
1713.496041
1737.360596
1682.492320
1689.194225
1658.922543
1682.841710
1722.531924
1716.950742
1727.137451
1659.774306
1741.638705
1667.331094
1650.822956
1651.693097
1710.851699
1726.074678
1651.600422
1673.084315
1656.658544
1699.684404
1718.740204
1695.616305
1678.842865
1691.256552
1735.699082
1660.320713
1698.567700
1689.005947
1715.034975
1657.145186
1747.312309
1722.518587
1706.951190
1684.108648
1660.030950
1728.702015
1742.035231
1664.348094
1687.336576
1716.198017
1688.834413
1735.412619
1689.057360
1748.694392
1744.435933
1716.423685
1737.787942
1689.408495
1702.951504
1679.677067
1678.265374
1727.740243
1746.628574
1718.037803
1660.904651
1699.364567
1668.160862
1749.603736
1716.236991
1692.477386
1665.998024
1744.528648
