-4.666435
-29.510461
-27.200576
-9.048887
-6.007572
-32.443832
-10.170794
-3.165402
-0.427009
-19.209628
-27.420428
-0.544890
-6.307702
-22.366551
-30.271419
-22.797202
-2.643162
-2.974752
-26.661072
-9.779823
-5.117293
-6.643757
-12.148694
-7.781325
-31.790968
-10.803974
-0.269776
-21.995727
-3.079416
-29.092870
-2.558413
-18.101976
-14.303400
-2.588815
-22.376952
-22.937014
-17.596304
-11.289528
-30.134653
-2.310167
-29.238884
-5.522850
-11.381523
-25.268168
-0.396629
-5.568155
-19.238127
-17.416882
-24.934004
-14.964761
-31.533919
-0.644363
-10.181625
-13.283207
-0.483575
-13.390285
-24.326630
-12.743107
-10.279008
-18.781844
-6.706378
-24.709865
-32.109274
-2.491169
-30.880318
-6.560051
-15.825743
-11.103223
-23.591070
-31.097074
-26.493090
-10.664963
-16.253969
-18.551559
-18.220715
-29.903724
-28.493004
-10.073412
-23.722903
-14.039173
-11.603526
-25.782253
-22.053581
-17.399307
-21.228421
-7.350242
-22.986185
-17.974361
-22.319771
-31.537282
-6.506729
-13.796909
-10.843351
-27.958925
-0.948583
-20.362028
-27.881339
-9.585597
-31.763552
-13.152788
