26.269862
17.819106
17.325681
9.152339
39.218376
25.527727
13.278274
0.984399
33.608408
20.989530
35.745895
17.843092
11.820963
22.123447
11.751047
26.207037
10.522148
36.160586
20.533460
36.068523
10.683807
34.341064
8.645452
26.768653
33.846249
14.120145
25.412079
2.183434
2.359964
14.769901
13.508883
33.497283
18.890133
32.064598
7.117916
38.084733
39.260497
39.385786
11.256747
22.852909
32.823077
3.493700
0.503622
35.786132
37.182327
28.611926
19.668018
7.176366
15.079295
19.220204
0.043646
24.768075
2.428731
11.871408
16.540749
8.564113
26.031262
36.191856
36.989838
24.788665
13.395041
2.727994
4.621957
7.083226
19.713116
23.576401
17.767790
33.143680
25.926165
39.502087
2.291980
37.137232
25.157221
22.724277
32.236997
29.830542
10.862797
14.749853
37.895002
24.293833
38.269632
17.806594
5.298580
8.491303
3.337203
35.417739
16.847091
25.462643
24.776561
37.266634
12.011176
38.843053
16.259919
4.626671
23.179343
12.303718
16.852551
36.537366
10.082912
12.658261
16.168458
1.974737
16.181782
31.326061
24.624509
13.199578
1.097041
12.098264
21.339887
28.963364
21.463869
39.217474
39.809204
5.338872
7.368681
28.683829
12.095486
19.259491
26.935574
2.279245
20.886172
36.311351
11.317603
22.506165
32.145601
22.787268
26.320620
20.785424
17.465992
33.605676
39.483264
30.857931
13.593374
3.659347
29.578931
36.431285
2.827572
27.836170
27.262133
4.028523
19.876313
32.424911
13.845932
20.435017
3.199747
19.818885
39.599063
6.304585
35.112399
18.619889
12.474022
1.892344
25.001169
15.522134
0.490965
18.728799
30.781652
29.330275
13.126129
20.877503
21.390253
6.383249
3.628329
30.906080
25.434227
31.289223
20.642707
21.169563
36.795045
34.535875
7.730278
29.772414
15.206572
4.052989
24.163892
11.203288
14.953292
8.107531
7.301523
9.687743
13.358037
24.784681
23.866936
26.125359
34.843980
23.391077
33.246469
14.330742
33.311000
5.513060
20.176980
38.334672
33.366992
32.032310
13.824435
32.464887
39.638393
7.504886
34.923200
26.953998
17.463902
28.742684
22.023049
13.804247
4.665945
33.129349
10.977800
25.185063
29.560691
27.338944
33.376386
37.067970
8.115792
12.004472
0.931387
9.201510
28.913048
19.029650
7.169638
18.510803
8.456933
38.708872
13.919061
22.504488
1.236139
22.995985
36.882362
8.565845
30.065923
6.506617
30.519617
22.383652
39.974351
37.376304
9.766339
13.647969
39.963461
13.808840
36.185465
38.555467
10.402809
38.119427
28.565342
33.885145
21.107023
31.753680
6.042215
31.284624
9.550434
11.038795
9.059064
35.559238
4.870749
37.861538
15.893599
9.169208
39.157474
29.132430
19.719257
15.232981
12.396523
3.885123
7.015756
0.708336
34.547031
2.648417
32.497167
36.059894
3.401302
32.745410
33.202249
0.717368
31.729611
26.641364
13.310179
34.068699
22.306407
35.256624
22.540987
2.405700
38.929228
10.327402
2.493077
8.245916
20.783762
24.872353
13.404543
2.421211
5.240535
38.690521
0.070241
7.704052
4.008587
26.725483
3.103364
21.185121
18.322481
20.288754
0.792000
7.823177
11.061701
37.379359
37.171314
35.555688
32.344719
3.159385
9.103148
15.345834
25.977527
28.809267
5.215925
35.503121
31.350614
18.215907
33.204745
34.402189
15.538241
9.970301
23.674547
15.456945
3.376873
0.647509
5.742380
4.591967
16.284640
0.507687
31.508386
4.622658
31.420487
8.607087
12.527699
21.760933
10.874970
24.074412
11.629157
3.744615
37.895031
35.538486
27.993488
19.559331
39.169000
19.444510
33.177552
25.863327
10.049213
0.333899
12.693068
26.678665
33.470716
5.646510
37.574912
7.047232
7.717720
37.851006
29.057329
37.640947
0.723092
36.657294
17.584268
18.877251
15.152161
5.882230
6.561095
2.020310
25.058446
10.112288
39.649135
12.728321
33.135658
24.486908
26.390693
39.146288
3.714740
34.841898
0.811550
21.076960
20.445331
4.479054
24.005178
31.318925
26.340824
20.444854
36.656230
2.179124
4.440172
22.650443
11.384705
28.386076
5.475817
34.345816
2.912246
27.795521
36.857949
24.711630
33.601078
10.917225
16.480175
28.687764
30.106711
36.142108
11.450716
39.137525
38.654463
8.746336
7.671998
1.166527
19.213124
39.515527
26.063785
10.783800
32.635981
35.960387
5.633350
17.835399
4.176568
6.147991
11.173749
5.975995
38.945191
11.329137
7.167786
10.367393
39.865188
4.786516
33.174843
37.538128
11.106443
16.084860
16.091093
3.790796
38.404967
6.399393
32.619605
38.251377
27.856446
32.929641
17.708313
30.343234
31.968370
6.512425
0.729210
17.657938
9.922753
6.484314
25.058956
2.232298
29.148624
9.039450
8.454770
6.731374
19.928467
9.758982
16.726236
28.860361
5.430654
0.941491
0.684327
21.276148
0.789084
35.391730
30.710230
23.809792
18.138262
38.895504
36.380119
20.870161
15.143023
35.049593
23.537472
14.748635
9.990329
4.390749
27.025812
16.565182
20.846907
21.312613
14.355379
28.549813
24.092596
36.744531
37.820830
38.522433
31.142109
39.392885
6.067377
13.384090
26.086025
24.824878
15.827302
4.719724
19.815409
10.548262
21.229129
25.031366
37.135594
10.243161
13.880998
39.788158
12.139457
3.180603
26.623430
18.933826
10.865085
12.258261
8.006715
32.466437
13.365588
18.410331
27.653177
3.400739
18.745829
2.464719
27.513296
2.020227
38.211907
12.304106
34.412169
24.880223
5.504604
35.557863
22.115289
2.038316
18.906526
8.683417
30.000992
0.040669
15.228918
7.194510
24.062235
14.349095
35.621353
32.306388
13.057370
27.329660
21.615688
16.019678
12.328366
11.966263
32.425758
37.973583
3.619838
34.325539
21.152673
39.868490
21.164335
1.102540
17.398837
1.436487
30.553805
20.989577
19.000514
29.575693
0.896543
23.450564
36.459242
16.872569
24.847127
19.542181
36.171641
36.034007
25.394279
1.129491
37.873172
18.744217
28.548107
36.608064
22.956104
35.878286
39.893950
8.106355
32.786169
32.885061
0.078008
3.886938
29.263932
7.754244
36.553003
29.835073
6.208688
27.876961
22.046166
15.905758
34.406136
2.974935
28.059389
39.670581
23.228195
35.040220
32.914571
12.136278
6.002731
14.995203
9.120105
39.085090
6.586166
6.836965
39.654819
5.805407
38.353847
30.489558
31.370801
12.950744
26.377468
35.743773
1.794011
0.133087
13.215130
14.894277
7.942495
22.875889
15.833204
6.222334
16.838658
10.151761
17.827887
27.279683
8.707719
19.282877
11.443256
8.472069
12.666520
31.592887
15.013603
34.827939
19.140366
7.688893
39.434597
37.023163
7.293693
32.225419
5.694589
14.302521
14.475055
36.088199
4.971328
8.781646
35.120448
15.361815
22.753790
15.692406
30.558699
1.736099
0.574888
21.500793
5.892103
5.582939
20.531136
14.150850
18.375674
27.527830
20.037248
8.408920
34.260673
37.208282
14.185818
38.364399
5.343747
33.354989
29.595126
22.985783
27.597584
15.902348
29.829375
32.371202
31.956347
23.865936
36.265540
9.845906
7.671909
21.559001
19.397635
23.196198
9.779653
2.307623
35.397099
5.292512
24.272767
8.602348
16.764105
22.757766
39.651928
34.165783
5.899752
0.606510
27.464389
9.367322
3.468858
12.345359
38.758605
25.222265
21.224559
17.752897
1.756746
7.067320
12.186435
5.233837
23.703817
19.898317
7.137033
30.490101
20.712918
36.091463
6.355392
38.725285
9.470793
35.132930
19.601309
28.844829
27.019772
26.817911
4.807435
33.667921
5.343639
29.882858
33.784948
14.673738
13.559931
11.651977
3.166512
11.695836
7.509751
0.934541
5.140041
39.259678
37.613472
28.195615
10.425061
31.031473
17.151158
34.544010
3.555051
1.896310
17.221754
11.439654
19.801649
2.740393
24.336692
33.905595
15.027690
34.184328
26.058018
38.378112
2.506411
33.183947
31.029183
9.983426
0.154651
38.772866
22.787082
22.302797
15.171237
11.110349
4.310171
33.052661
36.189879
37.339802
19.178221
19.505418
3.223839
17.607478
0.690569
15.461498
16.459923
23.013414
37.026394
26.144737
25.449227
24.543981
16.966097
21.449644
3.692444
2.415820
22.732539
23.878307
36.594938
39.805905
33.596673
13.718832
9.756773
20.487646
39.100096
35.025260
8.445272
7.672026
14.261918
9.414280
28.565366
10.151745
11.975010
2.143292
29.091485
5.590895
35.831957
8.610073
30.706278
13.083807
15.593712
8.852384
19.615960
3.741772
27.083717
4.405721
15.599518
35.859858
18.738341
26.863784
38.746324
32.397117
24.290903
6.001220
37.834383
4.575525
21.268399
38.087104
35.560806
17.316352
36.994367
0.418374
8.652490
34.477822
15.593197
11.551361
8.978808
26.807888
4.222462
13.040853
24.062140
5.660996
18.054150
10.023294
29.166483
13.489907
1.455870
10.504944
26.245215
20.086630
15.615032
19.825839
36.063464
28.420315
19.972071
29.131865
34.534353
34.642311
5.139598
15.944076
6.393871
7.487203
35.613990
18.440712
31.970705
19.510085
35.145737
16.090856
9.993503
15.020010
27.486809
4.333814
8.948618
24.444000
26.447704
23.585338
1.569380
20.634240
21.121890
2.932819
36.691784
38.968173
20.724552
38.041010
7.030923
31.866711
12.383400
30.036005
34.241145
31.725041
32.037989
18.580004
4.776941
5.918229
19.705885
29.056228
0.480910
26.649502
25.874055
14.216850
9.168628
8.686941
1.304282
33.610332
25.650643
38.060398
5.294865
24.722908
24.928823
28.062089
11.165259
4.361335
36.415964
23.862262
16.218486
10.647886
37.689202
16.513526
1.927808
15.306646
33.411628
13.416365
15.523651
18.306382
4.937028
33.247472
16.628437
36.941899
11.403282
12.634022
36.090646
32.442584
2.077459
26.566498
31.417318
19.348091
4.566806
35.135572
34.011602
33.596185
37.195666
13.589507
33.120456
24.544950
10.751702
2.596793
22.264779
17.366589
1.570233
16.492567
18.230062
36.563118
15.114972
36.346299
20.257763
11.078269
26.518541
1.581662
34.040395
4.574641
7.541942
2.829613
3.238847
16.732866
19.922708
7.551024
7.401812
32.233002
31.549664
16.126756
14.365680
19.741990
31.532204
18.487308
26.054242
32.000480
6.143087
8.074519
5.268203
16.951295
28.305056
24.546388
31.548097
38.150420
33.154934
18.651125
29.393296
23.938104
26.635736
30.802900
27.430085
31.853644
0.372808
6.100257
0.325337
20.455875
14.065182
7.869136
17.694515
3.973766
13.415104
28.547752
13.930611
32.945101
30.921557
38.150051
29.298141
27.079719
13.181747
24.957426
39.538382
0.449857
28.051105
33.754643
5.512769
12.933681
1.189072
24.791800
19.725086
19.298417
30.852288
10.301531
9.894869
14.137614
25.317109
31.575250
26.352009
19.474552
11.118359
23.782905
2.359393
31.724827
38.466684
23.861259
21.579470
3.699285
1.933196
28.086964
23.675668
19.056099
26.095037
19.472801
15.341508
5.047557
39.654245
32.903591
36.257355
14.088525
32.150233
16.387308
12.409211
34.687344
21.307121
36.347044
14.377053
36.114768
5.476813
8.013073
28.822421
7.868122
35.895317
35.020376
28.017558
24.170378
14.983762
18.656269
6.210346
12.248178
25.606683
6.499787
22.804438
38.035600
30.212893
3.447429
2.538609
11.111279
19.343085
14.177274
1.691469
19.263353
10.714029
16.391300
28.403167
20.180423
1.898395
38.378066
5.913796
34.995209
2.361312
36.277908
22.999896
22.307716
31.949023
2.140141
30.878805
20.436309
14.715248
13.453144
9.937850
31.828549
6.860478
7.793907
0.230050
13.302515
35.640202
2.775296
12.083419
24.265361
20.638794
2.235394
37.890903
30.137871
28.092987
5.288569
30.840444
0.968549
27.186486
32.816557
26.250162
23.404176
15.952425
14.945017
13.108404
38.349048
22.019837
25.452581
22.296844
14.174500
30.383674
11.001658
6.236003
34.788027
23.967828
12.415547
21.348515
34.285429
3.240823
15.530899
9.897339
37.431469
26.172506
1.069958
25.665812
4.654262
37.857049
14.807526
1.411801
29.001475
36.921486
11.634727
6.042090
15.207265
18.582193
10.484545
26.151670
0.836988
5.899375
16.046375
2.352864
27.283850
23.130630
17.203346
9.352894
39.922268
8.622396
3.849497
37.700366
37.860044
19.122749
10.252612
3.951083
26.377995
27.559989
35.945984
18.867871
34.458178
35.178823
16.060102
20.526066
5.976227
3.746694
34.973995
22.932313
26.704849
9.723382
36.195721
14.590809
21.350620
29.563975
27.111526
19.287805
20.842641
26.731240
36.518177
30.647120
2.578245
1.299134
0.174305
35.067044
22.853877
19.678438
29.530353
7.930656
22.826004
5.077606
5.412735
23.670311
22.660617
24.229108
30.307986
8.524082
3.090923
5.608932
13.136007
13.021957
20.193407
32.946392
39.121218
13.951458
11.279676
23.261728
21.455295
6.349203
36.806197
11.577996
39.183824
21.819439
5.066679
24.751587
20.120254
28.657076
6.316831
6.331237
11.303859
26.120517
13.579750
6.904502
25.094148
20.274505
7.287402
18.466221
1.809917
24.179645
33.417792
26.204994
26.274333
24.108895
23.052035
20.250132
24.904174
17.495666
31.962197
37.268051
21.193160
32.299607
36.966555
21.648478
12.478209
16.312057
37.783981
27.239277
6.387662
25.773839
37.172725
12.764820
3.058254
12.206187
32.984510
38.037130
5.940186
2.883804
0.366024
39.802917
0.556420
21.713082
10.209895
8.675954
31.798663
35.473268
14.602722
21.346473
31.728984
21.861514
37.419034
30.430023
38.611774
31.060280
27.812319
26.644888
8.617033
33.413926
3.064876
29.277666
25.020874
0.347785
18.926952
16.403628
19.548243
15.537254
11.075217
16.902875
18.076795
37.253105
19.854370
29.480936
31.980018
33.240321
3.597765
25.441174
16.053398
30.528650
1.929866
21.179393
6.786533
2.423763
30.875378
8.356191
17.701484
15.422116
34.011882
34.918760
20.449828
14.473350
10.873528
10.716139
3.239244
13.947328
25.546278
23.704014
34.710755
30.702342
27.884062
27.831566
12.045850
10.041590
4.583827
28.470702
35.783930
31.435497
27.388570
16.399984
38.273797
9.430210
27.688748
1.552641
12.936857
3.701959
8.234469
16.008925
33.876300
19.693226
15.955963
9.840036
15.863440
17.101271
22.647779
26.418727
35.309336
10.308137
6.153639
32.555106
38.421206
16.157612
20.403977
30.439013
21.146219
6.010688
26.347641
4.707908
22.250578
38.377598
6.387336
30.913012
11.375029
12.741720
22.644136
35.533142
35.094424
29.605595
21.679417
25.078059
17.787981
4.171432
17.415626
12.323106
20.012246
25.712416
29.065913
23.864139
30.762050
14.181283
30.967308
37.581830
31.278655
34.024101
16.843143
34.719160
20.401013
24.402418
27.216019
29.896053
18.838829
0.495970
10.307220
19.939514
21.322726
0.793436
25.741733
12.460495
13.071605
33.292342
24.922329
24.945643
25.250148
21.047309
17.533365
7.768409
11.469446
12.114357
26.434682
20.970947
33.916700
23.103503
23.743235
9.163805
13.088146
39.857610
37.189209
26.764241
3.311644
18.838305
25.362449
18.879575
29.451300
22.512522
13.691216
24.747422
13.706770
6.950524
33.529093
3.424827
18.996332
8.634417
9.308320
36.169270
6.492348
7.248887
2.226888
33.782788
11.126776
19.503545
17.927920
32.360887
28.010738
36.865707
33.481128
5.920226
11.206522
7.981013
18.049002
13.024531
19.978266
19.704957
10.822827
3.616509
39.688307
20.088514
38.875523
21.308339
16.280246
8.832453
24.992433
15.950341
32.394241
4.750475
22.160719
22.700708
16.857580
13.715095
36.563565
36.756702
2.138151
21.247694
32.681215
21.934195
37.509082
25.204540
5.861676
28.422638
1.690130
12.161492
26.696395
18.673424
31.665028
32.405961
29.488584
2.142892
38.286439
29.005956
26.932234
31.773250
14.093532
15.819943
12.113204
8.899389
21.520838
29.047475
24.355469
10.729977
32.745847
2.304301
24.433220
14.794152
35.900228
19.916435
33.006513
30.503298
34.134937
29.588621
19.969238
31.429801
38.820581
16.073379
0.252997
25.871445
35.485781
16.235127
11.282144
36.574975
21.657791
37.933226
17.079701
29.254686
23.990309
38.844787
31.990963
9.121165
15.420693
19.992941
19.676070
6.233021
23.104751
38.301080
29.947420
29.899291
20.507863
5.497105
9.799007
16.172772
4.819918
37.599262
19.672590
9.497859
27.897652
7.405411
17.076397
10.179492
26.667016
33.700562
18.046429
4.280048
7.561247
16.795722
10.084412
11.362215
13.953509
35.304716
37.955597
6.565559
11.261915
36.040609
21.152232
1.088243
12.322716
32.063591
34.316054
12.977084
14.851665
26.684499
31.430179
34.449018
13.125961
24.188142
39.946211
11.917836
14.321438
26.356807
23.066447
8.572396
27.869431
5.232235
20.614290
10.318642
20.733889
16.938489
29.045428
4.035046
35.764659
35.971533
35.060165
12.284006
17.529505
38.337025
13.648219
27.769325
0.041433
28.144036
2.031757
32.639733
32.309406
37.334833
35.329408
10.253266
7.824424
0.777878
5.396599
12.226906
11.762898
9.299629
0.125880
5.028335
17.736728
12.271403
14.953548
35.159396
11.202025
10.107954
39.741393
24.552548
15.423279
34.427022
22.754357
21.852086
31.808153
39.753476
2.512491
9.368060
31.730640
19.124897
4.537509
9.360415
10.293539
12.338624
27.628316
22.370858
7.002115
33.649616
31.201153
8.535631
27.639503
1.022039
3.395357
6.540163
26.236901
37.999223
7.952148
12.690293
26.001998
38.023816
22.186569
29.570753
22.616642
28.657794
11.462003
30.065003
9.966454
36.593109
21.683917
17.143622
30.682264
31.384914
1.144804
3.368493
20.894122
33.220870
39.702169
11.697361
12.359841
33.283337
23.359298
15.484377
6.034139
26.392951
35.576610
9.818747
4.175377
6.671794
26.688430
21.998311
30.016606
20.980344
22.672138
34.585339
1.767137
15.575235
35.919586
8.073622
21.034035
35.728127
29.366765
24.971110
10.306947
8.514369
25.454674
15.707899
25.792391
28.099739
8.287998
20.687036
8.923964
20.724006
24.868329
17.410579
21.522105
26.477425
37.914827
26.789364
17.158365
24.154007
11.098050
5.150276
13.151909
18.125380
5.816579
4.303949
29.735955
36.910245
17.447665
18.481214
14.534730
1.610288
19.034542
9.131523
34.387616
12.984485
24.768478
22.814448
31.696944
24.509589
13.030930
1.658321
13.297650
27.942407
29.315971
32.664687
26.156473
27.817767
33.553189
32.608193
2.268749
16.228590
27.228503
14.892009
0.016145
39.639406
10.237391
9.507255
34.289155
37.255005
17.584676
34.836475
18.771075
18.002440
10.669781
27.886643
4.012523
11.427001
20.890794
13.411136
8.112837
25.985464
36.958272
6.400073
35.615717
12.862563
26.545486
39.059722
15.362961
34.480731
9.548444
31.582082
33.705932
3.842929
24.842627
34.977883
15.662410
13.877376
33.111570
28.767371
24.617105
14.380030
19.576994
24.219038
7.449516
30.147429
20.925539
0.524113
28.632464
30.741035
16.502246
38.001154
24.644655
25.325702
20.945269
0.427981
22.271844
5.359367
4.576429
35.615981
1.857783
6.623904
4.587134
11.133338
6.381098
17.382054
4.726122
26.731753
3.811312
6.537325
14.895453
15.225042
8.578432
14.807478
34.397666
28.702932
17.398292
37.502810
32.175724
5.997533
34.319750
31.646330
38.447520
2.874938
36.384605
13.100197
17.189472
24.224638
3.942290
16.049763
0.467613
38.266897
5.581156
17.141226
19.062692
26.434112
11.042735
20.795166
19.177825
4.395394
14.833261
18.200656
15.786075
4.694297
9.763293
32.627112
13.071620
6.064517
2.132233
4.933492
27.196605
25.402654
27.313792
39.232877
17.032317
3.739783
31.333256
33.417064
38.583678
16.089842
29.388694
1.451784
39.300098
3.654563
24.209104
38.485444
3.628183
17.502141
10.419902
10.145377
34.291681
28.463655
2.659284
2.404046
32.362237
11.189506
20.375264
9.416801
4.850284
12.095823
27.263078
15.340826
2.055304
9.549020
23.192475
15.636735
18.118909
33.854212
14.294807
3.743615
38.124046
30.655377
2.433102
3.785489
0.510061
7.503148
16.219137
4.530881
19.279448
27.104705
39.220680
39.586083
5.017536
9.931134
7.665109
1.258845
0.957643
15.496095
25.903952
36.420990
2.851280
30.471261
33.255027
2.022648
16.800840
18.250761
35.543457
9.219760
2.001324
28.391484
4.709792
12.002336
13.669574
38.617668
14.786148
22.478062
14.056438
11.937138
12.936622
28.740754
26.892844
12.188068
24.786651
39.272146
21.120942
37.314921
4.093225
3.405336
2.882348
14.391827
14.131841
14.920022
29.809746
8.492808
32.718821
7.375187
23.770374
18.393718
6.642208
27.046105
11.705051
17.016323
15.052489
11.479840
5.657121
31.764940
4.226650
26.804848
38.575578
7.533375
9.287058
15.421139
29.474703
25.140361
13.610866
22.951366
17.181734
21.887885
25.451918
31.049300
4.680334
0.847089
34.428478
13.687683
31.908478
8.104035
17.499599
24.275635
31.689638
23.513515
18.092110
22.346399
16.805424
38.928636
21.422561
9.705382
13.626085
5.282222
38.153273
33.910203
24.344303
35.379733
21.377784
13.449871
28.330401
11.538885
30.520280
36.895716
11.861962
6.108057
36.132011
19.539122
2.878861
39.746144
35.023156
8.599648
6.274568
31.332458
27.129534
8.999029
2.689778
15.735037
30.994254
0.111369
39.745610
0.829737
17.466809
2.911096
21.366662
28.543741
37.351995
12.648353
20.309785
38.667012
5.709736
36.182327
1.940114
34.680389
0.077289
22.019675
10.756483
1.136163
17.121765
33.357548
22.145532
20.409288
38.600807
15.820951
2.260018
9.584830
19.917072
36.220592
22.937807
2.876272
32.590331
6.264430
24.716570
39.608267
15.483122
39.671177
8.346115
1.307184
34.232675
10.598405
4.927407
26.747015
15.671411
19.677892
24.981445
19.602801
14.356556
37.385472
16.414618
21.965238
28.782127
32.368794
32.078279
21.521039
8.033192
13.248982
35.393010
33.068198
20.418133
8.198407
22.730048
2.398460
18.157290
34.611800
13.974028
1.929691
11.024661
39.251037
19.837779
15.341749
25.100424
16.117051
26.016832
26.731181
2.215005
39.499371
25.062095
24.847257
12.578192
39.686680
9.144749
23.883561
6.614171
11.711864
25.606013
22.111781
27.320816
21.034340
6.346950
37.683566
1.587913
0.830011
28.223747
24.901263
5.179346
33.637156
27.958241
35.936372
6.040628
37.334137
15.565499
2.796907
26.284718
20.073794
10.918152
21.503561
1.725256
21.808645
23.897540
33.458219
36.963244
3.546066
33.461889
27.683774
1.688226
19.732415
5.605210
32.421623
4.510704
24.046646
35.668865
10.507418
30.189730
15.558858
20.384299
18.210153
34.629487
2.693946
24.189281
5.266943
0.334204
7.839151
5.298187
1.523831
6.315760
1.310316
20.381008
23.636825
20.389293
22.489570
24.705346
0.221516
11.716436
30.719654
14.369371
6.778585
31.549926
35.331867
9.340328
32.457350
16.009351
2.218540
28.467999
3.196676
22.072210
31.460985
17.607578
16.389389
31.984238
2.505037
11.940018
30.668310
11.840656
33.886986
27.726167
19.572718
39.731598
19.483426
24.173540
32.627985
34.060154
25.273940
25.440788
14.594732
35.209026
27.571447
4.017311
1.842008
18.985650
26.344707
21.620671
20.978547
5.774333
33.174452
9.055215
21.947987
20.084773
26.116640
29.913964
11.942822
21.680597
8.800930
33.312868
0.176895
30.554707
36.987729
17.390204
1.130654
0.266964
8.979203
34.897974
39.320282
30.318570
35.891043
32.098189
13.382458
37.011524
14.302719
33.400882
33.296837
27.679237
13.207008
7.136122
34.075354
38.911793
7.650336
17.597376
39.703519
29.713683
1.961284
5.082079
15.419510
18.660172
27.273355
25.203334
28.965605
26.065493
25.791139
21.944084
29.042235
38.762300
29.601468
27.816538
10.498796
10.633748
1.309502
37.618517
38.516176
27.089152
23.202246
32.612194
3.039428
33.686622
33.285129
33.842166
1.566647
25.113520
39.640856
29.775956
3.337888
35.412157
5.536315
29.655407
29.258869
22.287715
31.309051
15.982060
34.678968
23.490476
22.765487
8.042532
4.714992
7.378871
4.933346
15.066908
37.014479
2.822256
39.147219
17.913804
24.990436
30.199665
5.190287
1.946172
37.772535
1.836486
0.880053
32.716343
39.312697
9.906139
34.265093
11.165983
30.676878
0.465363
28.571347
31.864269
28.244908
8.402714
4.002994
7.143084
13.103917
27.691034
14.981402
31.737092
21.989859
32.312419
39.931281
7.570414
28.068598
2.693838
37.632466
8.635470
23.946557
21.016997
13.650744
26.478175
4.614928
24.222330
24.665824
22.128561
9.342911
38.387779
22.914672
5.275452
29.330653
20.625500
31.278404
22.767029
30.160242
20.065105
30.801416
33.004271
24.697523
20.252990
15.341839
3.811140
17.111793
14.065911
10.138314
31.187862
21.096962
39.961340
23.756206
35.172374
7.656130
20.469614
22.734734
27.225896
31.656544
9.480032
3.603201
15.575939
3.218126
30.996140
22.675901
16.119911
2.174035
19.563917
15.026012
32.610000
28.291834
27.358785
10.688801
1.214309
28.818188
8.320816
29.103562
16.381611
27.048132
12.488121
5.310452
28.139046
39.719524
12.877864
26.113123
4.337275
11.258384
8.987976
19.388906
37.972961
29.321948
17.583212
3.506521
9.900034
31.477864
3.081714
22.617693
29.593977
18.955577
27.343747
16.893635
5.642242
15.500558
13.574421
31.028980
16.646622
11.317450
1.157463
23.469273
6.270908
21.149134
28.915058
0.985784
14.160741
19.785064
28.975783
30.340083
32.886421
13.525455
15.222872
24.251380
39.353468
10.853234
36.928079
23.838315
32.555265
3.452171
33.097713
5.199977
19.500521
21.679791
15.985746
36.440651
21.180689
24.889443
32.348763
17.996636
26.770899
30.343875
37.191153
0.440745
9.907646
27.275195
2.279632
10.068997
37.523636
29.276018
18.850851
15.512427
39.819232
15.025679
14.161104
18.976045
31.809179
26.256758
12.766179
16.190031
26.428821
32.715249
13.081135
17.271463
11.454601
20.593936
9.391027
2.397471
10.774808
2.487995
18.906528
13.896252
21.911110
16.195032
21.868800
10.857925
6.471321
33.980977
25.368014
36.196817
10.916368
22.778750
26.075447
0.505421
15.555880
16.957992
37.992445
11.881040
19.798794
27.681638
24.259933
32.776550
31.499636
11.283461
26.698074
18.876333
29.026095
17.595706
21.513501
4.312027
30.412938
23.943290
36.457529
18.140282
0.729821
10.128594
12.513572
13.731410
39.582156
3.604765
12.303342
28.175770
19.395141
4.911581
0.582754
39.549081
19.991398
37.226531
1.656760
26.368909
22.440948
32.937817
21.801201
30.741828
16.310774
16.668541
37.087582
3.717792
31.920105
22.081470
34.552600
33.130121
34.093121
20.651910
37.264245
0.937792
17.666990
7.465461
10.392350
22.279583
21.043372
0.396453
2.757739
22.082517
10.921203
5.796585
14.010420
15.748305
9.785710
23.379344
39.736713
26.399601
23.712766
6.593007
37.965388
10.868627
15.474287
17.790110
29.678891
17.738384
18.003099
33.322168
6.528583
28.965583
19.821348
15.708130
21.988089
8.489954
13.553080
35.123747
32.620406
9.478966
37.140971
20.518208
5.188269
33.323718
14.899513
16.962820
18.759733
28.887110
12.614728
35.026445
26.281728
37.013705
16.082149
2.275180
35.165679
38.102875
23.261865
26.510018
28.953404
19.944219
37.580162
31.123439
1.032996
39.849972
2.525849
36.022637
31.930555
36.907065
25.266131
11.647820
20.216795
37.434500
39.381421
18.681637
13.163000
10.255758
7.487782
31.874677
12.687979
20.032371
27.494063
28.492851
21.317109
25.671911
28.091880
34.007703
8.684766
33.619089
6.061655
33.774050
28.986928
32.380760
26.915458
7.791934
17.877185
5.380423
33.841966
22.861296
4.501286
15.995642
1.024379
18.867726
10.842838
39.734711
13.464386
27.529571
28.329914
26.678587
17.616601
30.613024
10.286425
9.735933
3.494721
3.226151
33.028715
38.185333
9.418210
30.990407
18.164811
13.542065
16.498527
14.085655
22.781818
17.570564
23.768152
33.807325
12.686919
24.813650
11.185366
18.518784
36.851554
14.039774
14.943047
30.742618
5.671942
30.138782
27.693683
34.017064
15.048406
0.169992
9.036974
1.936766
38.300852
33.247173
0.628630
10.876827
35.680719
36.043696
28.294664
30.532230
34.746505
20.210357
1.202246
39.635489
21.720923
13.890569
20.578456
13.575434
34.564206
33.195466
26.820074
12.833206
23.777087
6.307407
19.302953
31.457967
33.549614
32.897307
32.955652
39.909796
34.730850
14.448067
34.040379
3.989165
19.886875
28.135912
1.038487
21.348086
3.202750
36.083032
23.254534
13.944705
11.556114
2.092468
23.022234
23.944159
39.364663
0.537760
2.449841
12.259260
11.893784
37.972645
38.591196
31.921024
25.168952
19.610463
35.646248
16.092394
8.967078
17.053260
9.336100
22.541424
17.685229
17.998958
7.740150
20.458289
20.933598
7.522334
20.425481
1.868280
25.195582
23.688607
7.213028
16.504223
32.696269
4.827089
32.178965
37.697274
22.386954
19.592439
37.266423
19.895335
16.114592
6.329025
38.264279
8.306677
37.637945
25.766172
33.022217
34.039033
7.590999
7.340040
37.036531
27.415858
7.580032
23.007230
7.198239
33.602192
25.094178
24.861209
17.440027
11.588748
20.202798
35.817645
7.921794
2.123968
13.776758
4.870598
16.904970
5.943246
5.923484
9.955328
20.365023
15.235526
8.732723
0.674612
15.820841
8.756031
1.242852
30.985450
11.146377
9.913585
29.681818
13.407025
18.680643
33.914937
25.153056
7.285463
13.652134
24.005192
29.996275
18.025257
26.868475
20.129023
32.577930
33.912606
34.745108
27.108173
15.602534
0.115257
17.618870
7.152920
21.729249
34.152245
35.995908
37.768605
7.024837
18.573435
3.747014
2.240569
18.466542
27.219920
19.706543
31.568679
39.790652
13.002123
35.230538
14.123794
24.424685
13.014160
3.126848
27.592191
36.329843
12.397100
20.238005
14.735821
16.696245
38.656090
33.358512
39.520451
17.792255
20.326224
32.751732
8.019761
2.769080
35.392075
0.574060
1.349584
14.908138
8.611013
36.915763
18.545695
22.958546
12.356436
24.505017
17.714865
30.305608
15.619919
2.309207
27.229796
30.436752
7.110703
19.658661
31.334597
16.403080
31.381215
17.962202
7.917872
17.560525
19.979256
11.010075
37.866529
23.566965
4.423741
14.412472
19.537139
30.111815
14.961554
10.857984
29.863260
31.582293
30.010948
6.524031
21.323978
25.272264
6.939073
14.347904
25.927282
13.186709
22.465234
35.573150
16.545014
38.194285
1.795817
3.368840
26.605031
26.517504
12.668423
14.407097
23.421055
36.135482
13.197869
34.299896
25.076252
2.491700
6.217435
6.849956
18.541804
28.528645
38.642138
39.600777
11.954992
7.836095
2.416071
15.880415
6.025111
17.800387
10.305196
7.538667
23.991907
8.619986
37.463074
3.855516
6.457830
27.957804
20.941228
33.280825
11.109723
8.298783
27.457778
32.584222
39.600095
15.679295
27.803252
20.288223
6.425514
26.020227
20.562587
17.107898
19.346085
28.168020
36.912348
13.587529
13.953716
35.672145
20.630309
5.162719
28.916408
36.096303
25.879777
6.104767
25.976206
19.555674
33.341562
28.073817
16.304971
12.999642
33.883353
12.713877
28.054792
24.983004
25.847513
15.549663
11.624368
2.415321
30.365924
13.094927
3.418597
20.450121
26.050088
5.359297
27.861145
32.349948
3.171630
24.658620
8.653442
18.099576
25.374007
15.657618
33.173095
14.884354
13.258157
12.120301
29.028632
20.879070
29.645038
31.443472
35.858125
37.362530
33.265900
16.771392
6.824389
30.141701
19.463230
31.008363
30.162313
36.136001
34.248322
23.921095
23.397474
36.200491
29.119026
17.863929
30.616337
11.495578
0.582321
15.813540
8.113158
6.352824
34.636282
32.695718
10.558689
8.231016
35.701489
37.684069
26.384277
1.517468
12.617279
27.738356
1.833402
23.900215
28.612825
18.657054
22.621457
13.055256
12.437718
34.895658
14.151644
3.060262
23.547050
15.330795
27.410269
28.972892
24.203310
28.107693
32.857270
23.570333
9.100462
34.685823
34.199268
18.171500
14.652436
39.476625
37.943754
9.632720
5.338241
13.362191
17.811687
32.120930
32.049817
28.584777
31.272457
23.131489
12.861131
37.423735
31.859728
0.329688
8.419196
19.592618
37.791357
16.781492
35.778194
34.417951
20.193277
11.080089
5.554723
28.088617
0.641761
16.528634
24.743834
16.713546
20.820765
1.275298
30.968380
33.884599
36.184318
26.122218
2.824242
33.189683
10.106962
20.486309
13.196598
18.958713
3.702117
37.939146
