83.675589
98.020991
165.881442
86.699071
69.614755
129.906867
76.075170
104.683530
101.050147
57.358543
88.112630
127.955749
79.896188
64.907911
114.894949
64.658892
44.890221
61.492698
119.235133
96.031162
15.812792
100.174476
99.875376
120.076718
114.131808
76.927800
116.284593
39.345191
85.000149
120.591929
84.507429
72.075956
75.062953
42.271811
98.240954
23.173878
92.694548
73.463784
74.654562
58.111825
77.099589
94.619894
84.522860
103.280642
151.834935
106.425055
89.600212
90.945641
133.087629
87.761469
148.085058
77.085520
79.174268
60.428032
99.770998
92.258602
74.320709
57.408398
74.386671
36.183203
98.788831
95.047390
115.985807
131.573810
81.147095
74.663937
86.048107
77.907430
74.950795
102.453000
74.827209
11.567819
64.442150
147.327813
50.599612
73.701295
116.504991
112.549129
145.637724
117.020242
102.663204
110.241177
71.666104
149.627738
83.865592
103.125184
67.179122
25.753355
116.847328
115.871907
116.807297
123.433074
93.892695
76.294837
94.020426
48.717300
62.921460
145.515954
85.694066
40.279453
114.664321
67.778407
111.248950
128.458528
115.196923
70.878720
51.149325
35.461178
151.282937
70.333170
67.386798
48.319620
100.033526
89.210657
74.011622
112.714469
126.055736
155.160412
65.444167
87.986437
30.193383
69.394604
112.151625
122.455291
61.543138
56.277836
100.471359
64.941462
69.726110
126.788937
120.442449
76.092272
108.964892
123.843915
67.633434
132.703073
123.148478
85.341573
43.813910
77.512615
151.586110
117.575720
76.371889
70.730527
100.025847
109.647227
49.935177
42.842175
121.003914
32.672020
76.766956
45.841395
50.405076
95.461349
112.401708
128.915884
63.435273
82.906470
76.719121
118.841187
103.196369
77.568651
81.970825
65.254744
121.988722
144.946974
149.940525
61.172870
78.471919
60.131567
129.586127
78.847303
67.419600
62.011787
128.799453
54.864479
127.866315
105.832182
68.808862
118.955021
91.890942
62.695927
144.467491
113.569514
123.196665
88.982612
96.906213
88.150911
94.120010
75.957415
63.528958
67.725147
70.950112
81.791839
108.148813
111.758974
61.639424
151.416317
158.753696
105.209562
104.317092
52.409118
51.644975
55.976037
79.937300
87.877524
49.525429
119.414815
148.425635
113.594528
69.700775
67.100059
95.342898
59.563245
58.996115
74.436472
90.074170
116.644491
69.204542
94.528228
112.510138
95.659786
66.274553
98.056516
171.438105
65.251430
129.615862
52.059270
50.166844
97.659872
49.023311
40.326460
61.969477
118.911876
74.853121
105.509546
64.437570
112.161617
77.023428
23.272010
10.148091
99.758365
84.755158
53.871174
89.160004
118.702568
99.944594
114.833757
49.551975
93.590086
37.992335
112.004218
52.109018
59.283698
125.462860
98.573969
54.129529
99.192861
105.855444
92.673931
75.761941
53.775658
69.230311
64.444189
111.464387
54.958137
124.470340
133.741588
123.568401
67.038371
92.574629
86.610790
67.202236
73.769433
59.539604
59.407858
125.484493
21.714904
80.366527
102.695334
115.268576
80.846904
151.976342
89.151156
71.469457
60.721572
104.763546
92.655315
145.429803
116.862661
76.613557
106.464872
62.160696
114.228563
101.726601
41.734676
99.244567
99.391331
74.467032
95.983358
145.120534
55.358311
80.580825
143.892647
77.098875
108.975260
112.383860
145.495948
112.607449
97.768674
129.954627
65.030216
82.573700
74.973166
130.234831
28.417077
89.754617
147.489516
78.176920
87.375671
68.841317
61.474450
110.663421
88.223646
102.155239
108.999580
30.082969
55.310155
52.751489
119.164178
102.062680
102.940669
105.244735
73.839981
89.401358
73.249291
110.610589
89.116098
53.464660
94.995143
33.934139
88.185417
79.552205
107.894960
112.183178
136.461406
81.597100
65.808645
127.924057
96.335184
54.469276
62.291807
104.277357
38.328782
42.842377
75.705658
56.464391
117.352314
94.626167
62.451513
79.746845
138.349063
23.026096
64.301622
91.502458
104.687267
119.902679
114.103277
81.914802
142.637040
94.664932
73.648266
96.469447
123.620353
59.186035
63.467662
137.535589
150.898148
64.549107
63.753044
48.916662
138.307179
63.804245
62.586720
88.928688
148.169994
88.379014
84.746110
36.676038
101.185941
81.500702
102.656643
106.435631
66.738227
149.989592
112.071015
56.932842
96.297110
71.080884
52.356784
122.377112
74.887385
61.577620
123.304399
110.279074
65.761340
117.248820
123.224805
83.057705
117.725924
97.581743
101.505950
117.744105
116.396543
77.808887
70.717682
79.841937
132.759203
59.153250
64.602251
53.916048
82.613885
93.161984
114.436088
100.784077
63.142585
58.110866
88.614286
75.957018
89.781106
109.472636
81.444786
93.273687
159.690168
75.559610
90.608153
51.705532
109.688986
106.002220
76.480674
151.579465
100.299889
74.763361
68.308719
68.944095
82.555698
79.645096
117.595073
153.860759
90.707949
64.560781
97.536080
110.564985
101.657692
102.479924
85.428407
67.314303
108.188377
80.215709
104.685801
116.641623
105.217918
54.555653
93.794816
74.582066
98.375284
92.044213
51.750794
92.096840
96.422600
146.557489
66.374604
87.611227
78.027910
57.050949
87.582886
149.807369
24.375151
88.916804
103.519235
71.840964
76.411740
89.163437
169.331506
91.865782
114.733551
65.155773
83.043013
114.510240
119.237498
97.532123
57.483360
87.164507
103.680625
102.975816
80.683423
50.442890
97.934795
61.619377
127.571067
106.949211
89.953841
84.939560
119.254620
142.127605
85.791276
121.491924
79.112297
58.042553
103.805800
63.090815
46.815693
72.783758
81.416524
117.191955
36.230418
54.613201
116.813403
143.720978
55.582869
80.232659
112.852319
98.582631
80.007860
67.995070
91.889584
81.601528
128.999360
79.971313
80.765831
114.622872
110.121320
77.691162
8.990463
48.209807
78.455947
135.064934
152.723193
124.229718
115.017989
70.400857
61.891163
53.392923
65.470054
73.678758
46.778871
124.221143
115.028782
104.990106
74.747729
126.524942
117.243689
52.166748
119.402939
136.795505
55.670862
75.430436
127.059848
91.737077
63.664425
71.835273
104.062881
57.710732
104.727622
91.976617
103.202642
105.884731
85.799371
50.456285
52.369664
119.184467
74.661783
62.413559
99.792245
97.513978
27.270241
110.227410
112.846130
80.575827
48.731824
71.498946
86.891366
86.328699
60.181381
72.533175
123.059776
78.723931
83.761549
113.786416
101.400627
78.268074
97.131807
101.876820
91.752197
109.602751
96.869499
52.979316
40.965222
62.489054
42.270491
127.524189
60.444846
62.663052
86.049201
71.695446
114.806796
79.457826
57.565220
161.624798
86.968998
92.299810
63.081487
49.291317
78.011609
16.545726
103.410134
64.330847
115.114361
58.283702
98.112877
85.028571
144.606676
46.672119
90.859788
31.718367
52.152347
79.347292
80.693334
105.419025
23.466603
46.690887
123.857622
71.451675
7.930336
121.803637
112.952771
84.627000
56.464479
67.156105
82.344943
66.782148
103.419107
127.758115
67.778636
52.073130
122.359984
68.920889
59.828436
81.789311
41.168915
107.062200
70.073778
99.732781
83.083759
111.471456
159.527525
69.677885
114.706344
95.932114
92.061579
42.800960
95.629381
78.833846
115.906031
64.705047
62.313121
76.066241
102.732350
33.937511
133.244078
49.099648
119.456694
132.345990
63.634074
94.678249
25.372051
90.728532
61.508828
129.153500
133.529708
128.111221
73.775232
75.094091
80.965580
89.150590
84.558510
111.643943
68.787231
110.187723
101.636287
126.586807
26.206917
82.491721
105.239264
139.123042
75.671269
97.126206
114.694452
91.982244
64.065532
99.378243
103.180994
123.060604
135.256208
95.779344
99.486036
69.401577
63.223705
137.881386
122.426214
81.632537
124.910226
59.755292
40.247893
29.491473
90.863928
54.455502
79.629325
115.801082
82.992064
60.344282
85.939003
61.791383
75.129906
89.331080
96.696432
97.349085
125.596169
44.789140
93.332243
136.724159
90.221096
76.660375
132.310879
117.892117
20.750042
118.959492
106.348362
81.284756
100.685561
150.932999
85.406898
66.763879
85.267663
106.353273
93.660823
102.534297
65.633366
115.621361
113.637773
111.117334
102.079777
68.367543
110.367150
111.003416
95.664426
44.627880
48.553924
125.181526
111.260960
163.725292
147.150081
114.751444
57.530280
102.601438
18.532222
79.790058
111.712478
104.646167
73.487434
75.871003
103.860510
68.127617
68.020528
111.751008
90.113896
96.865958
48.738723
57.966661
123.727246
71.900293
106.103112
55.255323
149.652083
49.000555
125.297332
74.202426
68.810858
105.646020
144.226061
100.688103
48.852666
103.404287
39.597536
96.879095
105.076078
63.202275
83.872058
153.183890
112.544765
89.266414
109.804044
105.220324
118.409314
64.930191
88.791433
129.706883
114.350459
110.315626
69.639385
60.319892
88.361889
82.945938
121.294463
79.556361
79.297601
92.506567
15.009972
73.299505
95.310873
154.971375
76.993158
56.124989
135.235852
111.118846
107.834039
87.592738
93.342386
97.263105
59.006441
63.392939
75.518741
60.418716
89.987877
103.142590
92.928546
82.804216
113.555792
109.733339
118.548312
57.736446
92.680837
101.773353
44.419028
106.581529
95.334184
76.528339
117.474341
124.209794
89.649130
63.129914
109.671369
90.799287
81.385890
113.947385
100.139851
60.585938
94.085864
89.904110
65.482308
118.140581
96.993233
130.679937
78.890428
147.750740
110.343506
101.364159
73.630130
119.460737
100.438613
50.936831
64.863537
79.454971
80.661617
101.335802
72.885629
11.801453
76.650481
76.903461
100.166671
118.965282
70.548370
81.044938
65.290250
112.261918
24.738116
108.698527
137.522999
105.316446
59.530169
80.559574
130.239467
78.573622
87.366091
107.944572
107.742187
64.996432
57.551272
143.752748
66.303560
99.203557
59.139051
146.035605
96.877767
83.958163
58.028201
84.726779
92.597061
48.612168
65.565362
65.527904
93.123774
89.844162
154.273851
98.701384
73.197275
101.294312
61.041142
98.031998
90.843675
56.497970
63.335636
35.555475
58.556124
58.522524
74.625644
77.476734
98.373553
106.052743
104.312590
112.185633
83.167995
57.546830
113.892098
87.148778
77.000286
113.848176
115.106286
74.250268
119.867873
75.516632
108.803825
90.542267
54.462901
53.709794
149.632370
72.671294
114.233060
139.956644
89.096254
112.924158
77.743029
140.249714
68.616750
80.936824
111.190528
93.599392
71.379252
96.798816
120.851800
126.676501
74.960968
79.992513
63.370614
79.443881
114.578291
24.669282
75.357935
117.882907
66.700783
91.912912
65.600501
117.933232
90.581921
91.227086
111.618601
78.659543
65.747893
98.209970
89.030878
84.220977
77.910062
100.741697
36.223621
55.595621
62.452750
65.515636
83.629679
120.977082
60.852156
108.851209
112.565978
65.326438
111.456273
108.999927
120.754511
112.083917
20.975119
155.639637
64.818739
97.967502
116.975285
108.829792
74.001362
80.508613
79.230746
97.088486
95.436294
112.255873
139.258690
63.616620
123.770460
107.340847
133.469219
62.089035
85.281080
90.257524
145.023548
104.022989
49.438709
112.104747
128.863086
71.629162
151.615192
