47.602135
-88.761809
16.713943
72.910753
85.294638
32.992975
73.720071
19.554006
30.631165
-16.800024
84.020003
17.879411
53.390596
68.615609
-75.138247
46.580312
75.196940
9.339162
52.629608
54.698359
38.782683
-81.583519
76.809815
4.442314
56.296489
28.713097
41.052695
34.165968
-79.346013
58.032393
87.036044
-76.948485
79.377626
80.663510
78.836868
18.925331
68.618405
53.723652
-84.758626
71.028855
73.311227
68.741602
51.861159
59.126259
45.521166
6.106178
13.136200
31.692647
-71.061888
-83.992006
37.411856
5.080726
54.680930
63.045473
-78.350975
44.116671
52.193502
37.563172
38.343125
-75.469357
82.284071
65.165889
31.652571
-77.462623
53.889924
60.457792
47.241771
49.600603
-80.853479
62.810839
57.763005
24.922151
45.176076
44.818095
80.121252
70.589421
17.965910
72.787545
-89.019159
83.991239
89.394577
41.466655
-82.789873
83.458514
-82.284886
-88.784556
57.460480
-48.924853
6.157910
7.436132
1.770909
38.653694
70.758340
-78.961395
-47.685875
42.028532
-82.987065
-60.197755
-71.967781
4.401791
88.373042
51.687600
-86.655284
15.499020
40.470132
32.487192
48.501253
-31.549705
4.618450
-80.288414
83.374349
39.565641
51.870760
76.284871
48.134732
-52.709786
13.526978
-69.063354
63.147249
33.410517
48.785347
-72.336281
23.233762
61.235854
-79.774177
61.551859
65.906790
74.095587
-76.208718
16.584801
-75.694649
66.354654
77.271287
23.654288
16.974007
-65.308804
33.873907
12.243250
-46.552974
-84.100857
-74.720486
-81.068914
86.064945
-80.816055
59.402437
37.678520
16.512221
52.340642
8.431964
-83.518394
44.506765
16.063231
-66.353992
50.415490
78.182262
54.327969
47.451810
-78.274644
63.026496
52.405947
54.163253
11.663366
57.057569
-75.078931
65.838885
88.996421
56.072948
50.571217
-86.486721
73.083587
15.738713
-78.204469
45.544034
40.869726
44.273305
-56.816319
45.578477
30.343196
54.054556
86.529895
-79.470472
35.320777
10.987305
59.955635
-68.783898
74.538869
54.008948
-76.818016
63.130160
57.029455
55.281782
-78.200923
48.331145
50.961835
6.949666
38.056311
27.907103
61.289892
-63.466122
-83.758616
31.215939
3.986337
77.818842
50.881277
56.034116
26.744822
80.332209
34.811012
40.070610
15.104514
-73.246912
10.788849
31.446883
79.448011
-66.329223
-77.858473
73.076985
-87.341070
83.773269
51.721269
42.103066
55.005863
20.549023
59.209394
-84.545560
-79.024249
73.446901
13.719623
28.207641
86.537143
57.696211
-76.468994
55.445116
45.309840
-84.623477
37.950862
57.599074
12.722674
31.671838
62.448841
-20.570116
52.120503
89.215226
8.241629
57.736139
-73.390219
81.633158
5.047379
25.395633
38.377966
65.040694
57.503192
64.800798
5.186810
74.320436
57.609364
72.008009
-71.549929
56.252505
69.135460
50.279123
-80.729364
28.670320
-74.886741
18.433792
78.813546
21.262057
-70.271217
71.981157
47.322791
9.335018
51.697151
0.887931
32.498509
-87.818489
82.797427
51.216618
22.644231
51.035536
74.759154
71.103513
11.781176
-64.282720
75.210575
32.615338
79.649945
-87.537120
6.589607
14.772495
35.580874
-84.677020
59.666214
40.133897
-78.297551
-70.343486
65.301278
-75.494415
10.685800
61.987354
-81.198193
59.714588
16.487171
29.815476
30.725795
79.827735
85.825754
-73.394605
26.036813
54.446146
83.814578
73.855686
12.032859
77.314604
37.556812
5.469437
-54.270332
-67.998127
-71.692599
36.809456
72.831274
63.357650
-69.923095
53.286884
49.666854
50.987568
52.823422
-32.360335
53.373363
27.313702
36.909017
61.259557
37.660161
0.872523
13.065423
-70.434946
73.227981
-89.573941
50.691693
87.307727
60.543544
17.717084
52.622077
50.424928
-82.881155
28.216022
62.764072
72.719721
11.844463
22.685835
48.234354
75.043478
84.982495
71.394528
-21.177455
56.614381
49.153296
47.637322
11.771576
-78.109476
68.931828
44.386370
70.838992
-68.059562
84.705940
85.092631
-78.419270
16.293609
-71.623322
55.226691
69.331508
64.721242
82.176948
-83.824731
83.544538
-66.480922
43.654577
16.546514
16.365655
23.372675
74.345600
2.966444
21.262818
52.646945
16.074857
53.808868
86.341781
63.964007
55.190931
29.585962
42.559632
-89.562138
68.996498
65.981504
49.131193
-1.147656
56.847591
-84.819879
-79.032138
64.850706
-39.070408
81.488810
25.598253
58.279383
23.360236
23.203526
70.549313
-72.018723
62.594793
35.346949
-71.287830
58.335317
57.196571
76.801699
70.886667
46.969659
44.432818
67.006591
-60.372800
11.962278
-76.393694
41.077555
58.428877
70.322648
47.979503
52.865957
-87.629941
52.387067
61.444705
63.436416
77.767108
58.651914
-75.874891
5.370502
-37.025487
-84.694570
55.485645
67.637822
-64.138915
68.455596
57.275932
89.480158
50.640813
80.507067
5.016317
-52.589840
39.515889
-89.422260
64.417560
87.133368
29.618469
45.974289
16.065712
12.684950
83.840734
53.962030
65.027544
-71.495914
68.724388
65.739401
60.842381
35.034051
66.914901
43.436566
89.117280
-70.320344
84.728722
59.378575
45.880027
85.426978
44.009189
-86.344370
44.548715
70.787578
49.172284
42.905461
8.281648
-81.653923
-64.178201
25.072541
76.234530
51.255974
81.403458
81.391302
77.182280
75.452185
54.585571
79.591641
61.822144
84.198288
-69.695047
72.350587
-81.715970
85.371105
56.235265
-78.402828
61.946469
64.337450
68.365684
88.722962
45.707516
73.277696
50.796457
61.100352
-69.356223
61.072571
72.916550
51.249379
22.527148
63.075223
71.111569
45.862866
-89.287973
35.481046
22.478030
89.614356
28.009358
56.024608
83.610497
-73.040356
5.573319
57.260910
79.695283
28.230047
21.701307
54.658903
16.320224
89.119538
11.962045
53.470047
78.888373
0.133597
-76.280891
52.270403
-19.674529
79.279857
-26.987190
81.362951
83.218307
46.663847
59.729271
4.826811
41.350651
-86.444520
51.761764
52.838873
3.316030
-82.487800
-80.833118
38.368803
66.238425
26.413973
55.724341
3.064304
71.844127
82.180556
49.213696
65.260747
-48.878325
68.212301
69.877064
81.177274
72.837571
34.545692
45.465571
24.603377
-87.027746
71.000181
43.821385
38.099726
80.135209
-79.156104
68.051270
-66.213915
28.031786
67.987490
28.684512
58.531899
59.852113
5.730490
40.839547
19.054809
56.896846
37.081500
88.624135
86.092330
-85.846255
-84.228321
67.042748
21.307732
9.208021
32.089815
51.221769
77.388702
-85.164270
-71.688087
80.290347
53.806979
23.591885
4.148078
-64.071657
32.628093
-46.569261
58.654800
49.635262
49.477206
52.458240
-78.920190
73.469982
4.419857
-75.544430
33.898727
25.590439
62.548723
-89.584331
-28.448703
55.903534
30.226896
57.446080
78.293016
7.109710
7.258663
87.629966
8.195837
26.582241
-83.143661
41.625877
-88.886018
76.514032
-80.680486
-26.577407
-81.248316
71.101072
9.625273
-28.331108
78.021079
-76.796881
-64.600761
19.846749
14.363933
84.571871
48.404166
84.165979
84.955231
73.404398
-23.608828
74.520853
-87.362535
53.179804
34.476223
66.244821
10.989788
14.768849
79.578340
81.059123
64.964026
-9.047661
83.407538
72.832238
53.242893
80.083876
-88.761366
50.299520
40.108009
32.190186
23.799176
36.785771
49.657827
-83.219360
-69.587809
0.303936
-62.300043
68.286610
82.570671
-83.237814
0.179427
56.343427
43.474235
28.949811
-88.805846
12.533888
-81.405575
82.130763
-75.751849
-79.261344
68.823472
83.353260
67.426482
44.267746
84.755103
38.200492
-67.283402
25.900078
34.144752
46.865233
7.541411
58.776283
17.121039
-73.875738
66.091478
-84.463040
-72.000849
-81.844282
13.110572
26.681532
47.303364
-69.222005
57.599303
49.718856
29.939020
-77.141032
89.037084
60.306146
-73.193750
-39.042733
-36.690519
66.289499
63.181523
86.801970
-84.170001
-88.835665
-74.712178
69.007192
78.702915
86.380403
49.254042
33.237243
56.401782
43.386490
12.878039
71.166523
27.742806
-87.535136
61.685703
36.996774
-72.177798
8.698438
-88.324525
60.485013
84.778283
54.900607
65.800617
14.821321
45.009801
-72.310362
55.574823
58.080913
63.837118
30.509676
-76.991933
53.627237
-78.325431
3.759449
45.130277
12.290462
49.169624
80.212896
32.211812
-62.017909
5.964168
72.428395
-22.029915
-6.152907
18.672530
87.823319
59.765225
-68.246872
83.604353
45.331199
14.193947
-79.012982
56.432358
15.645596
56.465357
38.910538
46.856117
67.056740
57.778230
56.245092
63.178617
44.876831
68.639122
65.273370
23.641133
29.991184
51.820240
57.523626
56.233674
-73.045309
40.613619
64.895368
23.427725
-63.298588
76.112017
24.816094
8.165256
44.051240
39.299339
83.428708
41.301347
-80.000186
-57.520643
57.976653
76.960778
20.291512
66.971039
12.687447
53.846722
65.809711
73.368784
0.928634
7.517309
46.767128
82.118280
77.631830
38.141996
63.335284
57.592326
-75.747914
-68.330920
53.666290
82.448142
66.995471
63.891990
71.859856
84.572744
66.487823
87.247729
42.763255
-79.406650
34.436008
89.411229
6.947585
46.858893
-76.606408
3.482208
69.307940
38.180487
7.815062
70.727594
40.602204
-62.844636
88.991109
-16.021863
80.969974
59.569245
41.597965
-84.872044
72.896074
66.740215
-83.165910
75.447199
84.223671
-89.196276
-81.783645
69.637203
85.730782
30.766733
56.556568
60.307036
48.454112
4.836740
59.280786
85.340266
32.449492
88.043725
82.357599
49.057965
61.987309
14.393864
59.614154
-82.958883
43.797086
9.695591
88.784845
58.252211
76.028343
-85.678846
58.906767
40.872464
65.233393
72.332431
83.819869
76.983864
80.865701
53.975439
1.928558
-78.111490
-49.252128
47.372123
39.238355
36.239039
52.073024
49.144958
24.599189
57.397462
60.092986
82.555323
70.638678
15.760563
46.453548
-71.043751
1.049150
79.244632
48.149659
74.911437
-86.533809
54.657761
-83.696586
-83.083658
57.320958
78.749105
59.529828
75.565319
45.987244
-87.424012
55.927641
-85.892076
-83.995540
46.754910
57.299359
17.057921
52.209293
-55.594338
55.771788
-59.483332
-74.218578
-89.833191
75.643170
-78.754204
42.032471
72.728657
47.609286
-60.706197
71.045475
14.196703
-19.713610
48.852474
23.578851
80.416723
-76.012422
83.245046
80.172399
31.077767
19.417051
1.295113
60.317560
69.583584
50.689217
22.337606
19.184679
37.554841
44.840056
47.811627
18.059444
72.425748
88.354321
18.057164
24.435046
39.622451
32.901582
-22.324263
37.487109
69.624534
45.900805
-61.092396
64.382596
75.991505
45.696321
87.681699
-87.890370
-82.779268
25.510704
61.818753
78.455168
-82.178045
69.826286
26.788336
38.785594
62.343039
-81.471818
50.258669
84.940880
54.145001
64.479429
32.740297
68.141568
61.095908
30.554683
45.523636
69.776016
47.654786
59.120208
35.786221
44.018564
60.840388
59.248082
43.056289
21.274040
-73.458139
24.949179
55.705022
-56.087262
-71.134929
69.058544
86.003961
-73.578809
58.997676
61.140772
-88.514431
60.852080
19.020003
79.310443
52.354009
44.404069
0.864068
75.757355
53.167697
78.996420
-60.482179
72.128357
58.250056
9.936086
89.700853
22.452472
